Time,PM10 std,PM25 std,PM 100 std,Temperature,Gas,Pressure,Altitude,Relative Humidity
1677106265,1,2,3,22.5848828125,7410,997.3384696557655,133.32464774050905,22.152559629482486
1677106266,1,2,3,22.64640625,9116,997.3299471171658,133.39651917246417,22.135800011723013
1677106267,1,2,3,22.703046875,10390,997.3300812187376,133.3953882764645,22.09284282358656
1677106268,1,2,3,22.743671875,11346,997.3282606556031,133.41074133272065,22.038517186875367
1677106268,1,2,3,22.788984375,12099,997.3310822468785,133.38694647981828,22.005198622836822
1677106269,1,2,3,22.8282421875,12768,997.3337259643922,133.3646517093696,21.976669490908012
1677106270,1,2,2,22.8485546875,13343,997.339637766753,133.31479698088708,21.926248786207907
1677106271,1,2,2,22.8758984375,13881,997.3491047655999,133.23496147863648,21.881461284946997
1677106272,1,2,2,22.9003125,14335,997.3466957925643,133.25527636662554,21.84683463946825
1677106273,0,1,1,22.9106640625,14769,997.3491310805201,133.2347395649326,21.80615470416596
1677106274,0,1,1,22.9284375,15185,997.354085084808,133.19296253472478,21.765957046332872
1677106274,0,1,1,22.9458203125,15544,997.377157963654,132.99839157063704,21.73090847656272
1677106275,0,2,2,22.949921875,15849,997.3842145193247,132.93888516671765,21.70018984149009
1677106276,1,3,3,22.962421875,16253,997.3920530227072,132.87278516693914,21.66484774661884
1677106277,1,3,3,22.974921875,16574,997.3964742535422,132.83550229689672,21.634673853348907
1677106278,1,2,2,22.974921875,16839,997.4015995916384,132.7922820759175,21.598559526869273
1677106279,1,2,2,22.9837109375,17254,997.3962190735506,132.83765414707628,21.563008734841265
1677106280,1,2,2,22.9923046875,17601,997.388793561307,132.900271280913,21.53776638892471
1677106281,1,2,2,22.9899609375,17855,997.3830529096848,132.94868074550052,21.49637758738145
1677106281,1,2,2,22.999140625,18133,997.3783434475613,132.98839461806804,21.491799326860704
1677106282,1,2,2,23.009296875,18402,997.3770220360358,132.99953782211645,21.471820896538095
1677106283,1,2,2,23.006953125,18664,997.3712814529349,133.04794717149875,21.456214510915714
1677106284,1,2,2,23.015546875,19070,997.3741057780966,133.02413009525858,21.446447567078444
1677106285,1,2,2,23.022578125,19316,997.3810761462661,132.9653503441458,21.441735516590303
1677106286,1,2,2,23.018671875,19513,997.3897331820033,132.89234771848723,21.436338654241915
1677106287,1,2,2,23.0262890625,19752,997.3925859300408,132.86829131738202,21.42651161495275
1677106287,1,2,2,23.0333203125,19958,997.3978476876317,132.82392057991754,21.457866866333227
1677106288,1,2,2,23.0294140625,20149,997.4047963642937,132.76532487791732,21.514319372658655
1677106289,1,2,2,23.03703125,20443,997.4093575926781,132.7268618520092,21.59215595168271
1677106290,1,2,2,23.0450390625,20725,997.4043388799519,132.76918266938807,21.659744871910853
1677106291,1,2,2,23.0423046875,20870,997.4064693707238,132.75121706316287,21.695709190958727
1677106292,1,2,2,23.050703125,21249,997.39528779825,132.8455072937038,21.73238917439079
1677106293,1,2,2,23.060078125,21423,997.3892029222974,132.89681925173718,21.77430986220467
1677106293,1,2,2,23.056953125,21710,997.3752837440193,133.01419651573028,21.805115069725503
1677106294,1,2,2,23.0637890625,21960,997.3648304852368,133.10234734114925,21.815886108579765
1677106295,1,2,2,23.0704296875,22215,997.3540408237254,133.19333578690342,21.81114007043721
1677106296,1,2,2,23.06515625,22453,997.3449694637887,133.26983453480491,21.810804717879368
1677106297,1,2,2,23.0716015625,22744,997.3355522706921,133.3492502885932,21.806046377637944
1677106298,1,2,2,23.08,22968,997.3226594739277,133.45797700108432,21.796244381649714
1677106299,1,2,2,23.0753125,23094,997.3128876477557,133.54038490133618,21.770110497271553
1677106300,1,2,2,23.0813671875,23455,997.3113414148456,133.5534246741125,21.760161907986998
1677106300,1,2,2,23.088203125,23663,997.2940513888062,133.69923694681762,21.734766550793424
1677106301,1,2,2,23.081953125,23905,997.2935533032155,133.703437490891,21.718875537303756
1677106302,1,2,2,23.0876171875,24264,997.2930435333612,133.70773657454043,21.714069904809307
1677106303,1,2,2,23.0946484375,24376,997.2863414636222,133.76425785078553,21.688695415460423
1677106304,1,2,2,23.089765625,24648,997.2881952716103,133.74862390430118,21.647086117656492
1677106305,1,2,2,23.0950390625,24778,997.2887221187652,133.7441807838068,21.62677410836295
1677106306,1,2,2,23.1024609375,25014,997.2878179220775,133.75180625053247,21.601440549103607
1677106306,1,3,3,23.0977734375,25194,997.2865903214163,133.76215912643303,21.56503131944475
1677106307,1,3,3,23.1044140625,25391,997.2826334476376,133.79552918779464,21.560291264331994
1677106308,1,3,3,23.110859375,25623,997.2834667655984,133.78850144106983,21.52459445391273
1677106309,1,3,3,23.1055859375,25812,997.279522740134,133.82176323111239,21.50879369717088
1677106310,1,3,3,23.111640625,25891,997.281392920356,133.8059911234477,21.488551366692153
1677106311,1,3,3,23.1175,26263,997.2812182156994,133.80746448881084,21.46314523168446
1677106312,1,3,3,23.11125,26329,997.2824298439289,133.7972462705527,21.43698489691971
1677106313,1,3,3,23.1180859375,26629,997.2873524955161,133.7557313884832,21.421954611043684
1677106313,1,3,3,23.1247265625,26901,997.295356788403,133.68822802660975,21.41721796380761
1677106314,1,3,3,23.119453125,26884,997.3085011647275,133.5773772635742,21.3962800360096
1677106315,1,3,3,23.12375,27127,997.3124743078862,133.54387069927813,21.386246176892513
1677106316,1,3,3,23.1284375,27499,997.3154104633687,133.51910939504754,21.376237385250842
1677106317,1,3,3,23.121796875,27517,997.3227855212532,133.45691402129614,21.35522130822107
1677106318,1,3,3,23.126875,27790,997.3298113786196,133.3976638734073,21.334940709424412
1677106319,1,3,3,23.1333203125,28313,997.3340622946856,133.3618154011872,21.314748297151688
1677106319,1,3,3,23.1294140625,28162,997.332469879636,133.37524440900035,21.29391369590985
1677106320,1,3,3,23.1348828125,28409,997.3299144127085,133.39679497342365,21.268520155423797
1677106321,1,3,3,23.1415234375,28544,997.3430455402129,133.2860590482735,21.23805894934389
1677106322,1,3,3,23.1356640625,28798,997.3517646686387,133.2125305421628,21.21711628378314
1677106323,1,3,3,23.1415234375,28976,997.356716646248,133.1707706921544,21.21233608492401
1677106324,1,3,3,23.1471875,28936,997.3579148027097,133.16066670680155,21.186969992571473
1677106325,1,3,3,23.138984375,29319,997.3489314874279,133.2364227334562,21.19160412789822
1677106326,1,3,3,23.1419140625,29504,997.3471352172968,133.25157069154056,21.186642840276537
1677106326,1,3,3,23.145234375,29671,997.3477196891741,133.2466418338456,21.181705924990588
1677106327,1,2,2,23.1399609375,29713,997.3489023647427,133.23666832507737,21.176236235924943
1677106328,1,2,2,23.1462109375,29903,997.3562350419129,133.17483203691074,21.181766496624636
1677106329,1,2,2,23.1520703125,29945,997.3543512027449,133.19071837164364,21.171844609819647
1677106330,1,2,2,23.146796875,30203,997.3452805813224,133.26721087235737,21.181802839903256
1677106331,1,2,2,23.1520703125,30599,997.3440977043949,133.2771861085153,21.192416131039362
1677106332,1,2,2,23.15734375,30532,997.3446236155152,133.2727510832814,21.197886876232452
1677106332,0,1,1,23.1512890625,30710,997.3478806619845,133.24528434880116,21.20779852264824
1677106333,0,1,1,23.154609375,30936,997.3467560859269,133.25476791175487,21.202860817215754
1677106334,0,1,1,23.1587109375,31073,997.346975228972,133.25291987523173,21.203115463534484
1677106335,0,0,0,23.1524609375,31096,997.3430606798343,133.28593137522986,21.197583795801304
1677106336,1,1,1,23.156171875,31421,997.3443168754419,133.27533783186635,21.197814135511763
1677106337,1,1,1,23.1628125,31587,997.348903245645,133.23666089643044,21.198226344763825
1677106338,1,1,1,23.1567578125,31706,997.3436157817864,133.28125017889357,21.182420709855823
1677106338,1,1,1,23.16203125,31946,997.3441415837437,133.27681607249633,21.17246225140459
1677106339,1,1,1,23.1680859375,32093,997.3408841607062,133.30428606597894,21.167695159451775
1677106340,1,2,2,23.16359375,32142,997.3365754478417,133.34062174496546,21.167416648718596
1677106341,1,2,2,23.167109375,32314,997.3289507278186,133.40492185730213,21.15735017925631
1677106342,1,2,2,23.171796875,32539,997.3335952763206,133.3657538156177,21.15249873136868
1677106343,1,1,1,23.165546875,32640,997.3262632379933,133.42758585290355,21.146969816484944
1677106344,1,1,1,23.1692578125,32973,997.3258101859335,133.43140651219858,21.142058207864256
1677106345,1,1,1,23.17296875,33051,997.3236480970777,133.44963976701231,21.132005617050716
1677106345,1,1,1,23.1661328125,32921,997.3221441887124,133.46232249518928,21.11616064760952
1677106346,1,1,1,23.16984375,33339,997.321691102815,133.46614345262122,21.09069136401008
1677106347,1,1,1,23.1739453125,33659,997.3253277612913,133.43547487664483,21.075527960675704
1677106348,1,1,1,23.1676953125,33605,997.3197047967654,133.48289435662835,21.06486523886405
1677106349,1,1,1,23.1743359375,33875,997.3174547557776,133.5018694211313,21.029312975348958
1677106350,1,1,1,23.181171875,33957,997.3172493933795,133.50360128675356,21.019461246626364
1677106351,1,2,2,23.176484375,34040,997.3177320319526,133.49953109149467,20.99862887551975
1677106351,1,2,2,23.1829296875,34123,997.3134367587284,133.53575411371446,20.999025731158415
1677106352,1,2,2,23.1911328125,34318,997.3172915779438,133.50324553515205,20.989260013268296
1677106353,1,2,2,23.18546875,34346,997.314385794783,133.52775066457846,20.978641544934266
1677106354,1,2,2,23.188984375,34543,997.3204324622374,133.4767578094953,20.973723202850007
1677106355,1,2,2,23.1942578125,34800,997.3295024881044,133.40026878806083,20.963778822191983
1677106356,1,2,2,23.18859375,34743,997.3317236979578,133.38153704552536,20.968564754721587
1677106357,1,2,2,23.1946484375,34916,997.3387194894976,133.32254087481988,20.974071625479695
1677106357,1,2,2,23.2024609375,34945,997.3350662239036,133.35334916677007,20.969417639695024
1677106358,1,2,2,23.1969921875,35120,997.3342054761416,133.3606079373807,20.984485513924636
1677106359,1,2,2,23.2048046875,35415,997.3390973440348,133.31935440136348,20.964427383363965
1677106360,1,2,2,23.211640625,35535,997.3406003591849,133.30667938028384,20.964847785424308
1677106361,1,2,2,23.2048046875,35535,997.3390973440348,133.31935440136348,20.954159193435316
1677106362,1,2,2,23.210859375,35716,997.3324203684169,133.3756619427293,20.954531388223906
1677106363,1,2,2,23.216328125,36022,997.3401171343321,133.3107544441014,20.944599952279415
1677106364,1,2,2,23.2083203125,36053,997.3212171148297,133.47014068274243,20.944107882813825
1677106364,1,2,2,23.2145703125,36270,997.3251302494433,133.43714052622386,20.93422520954324
1677106365,1,2,2,23.221015625,36208,997.3362156056214,133.34365632550217,20.929487994201267
1677106366,1,2,2,23.2157421875,36301,997.3408184503714,133.30484020490377,20.90863407435866
1677106367,1,2,2,23.221015625,36459,997.3447611059961,133.27159162199044,20.91922239290632
1677106368,1,2,2,23.2266796875,36649,997.3408299726558,133.3047430368352,20.91957011030822
1677106369,1,2,2,23.217890625,36745,997.3359681559123,133.34574309079377,20.91389812146251
1677106370,1,2,2,23.22296875,36906,997.3412839184848,133.30091488692514,20.91934229312502
1677106370,1,2,2,23.22921875,36971,997.3417786931813,133.29674242656267,20.91459340459909
1677106371,1,2,2,23.2223828125,37167,997.3334397400856,133.36706546919072,20.934705102077515
1677106372,1,2,2,23.2270703125,37299,997.3346653485061,133.35672978783117,20.919594091580212
1677106373,1,2,2,23.233515625,37365,997.342332398134,133.2920730063113,20.92512265467188
1677106374,1,2,2,23.226484375,37399,997.3473305120908,133.24992376815948,20.929823865374843
1677106375,1,2,2,23.2313671875,37565,997.3540194520403,133.19351601359165,20.93525702711308
1677106376,1,2,2,23.235078125,37836,997.3586928520621,133.15410546609667,20.94575227664667
1677106376,1,2,2,23.2266796875,37700,997.3630484788714,133.11737481874684,20.95036994832998
1677106377,1,2,2,23.231171875,38041,997.3673565561975,133.08104528009974,20.94551219038104
1677106378,1,2,2,23.23703125,37972,997.3740160945407,133.02488638130836,20.96127491475157
1677106379,1,2,2,23.2298046875,37972,997.3667141932409,133.08646224766335,20.96596500025564
1677106380,1,2,2,23.23546875,38248,997.3644921177637,133.10520075780343,20.971448245466
1677106381,1,2,2,23.2419140625,38318,997.3704501797339,133.054957174046,21.002658808582023
1677106382,1,2,2,23.235078125,38353,997.3689476859431,133.0676274914215,21.02278423785878
1677106383,1,2,2,23.2407421875,38458,997.3735620978846,133.0287148581074,21.043683844701828
1677106383,1,2,2,23.246015625,38777,997.3757954312755,133.00988155001738,21.0645633871705
1677106384,1,2,2,23.2387890625,38670,997.3736211412521,133.02821695532006,21.084674125007844
1677106385,1,2,2,23.2442578125,38742,997.3796087677423,132.97772443252222,21.100432553947595
1677106386,1,2,2,23.2501171875,39029,997.3862682189862,132.9215668268123,21.111076508358806
1677106387,1,2,2,23.244453125,38957,997.395327182747,132.84517517671912,21.12614950858398
1677106388,1,2,2,23.2505078125,39138,997.3869400722765,132.91590126090736,21.141950243445105
1677106389,1,2,2,23.2563671875,39138,997.3850535092133,132.93181016957448,21.157741307657076
1677106389,1,2,2,23.2512890625,39102,997.3951205148885,132.84691794139388,21.162569383317056
1677106390,1,2,2,23.2575390625,39468,997.4007426603182,132.79950827176148,21.188675734255927
1677106391,1,2,2,23.2637890625,39654,997.4097831807533,132.72327304419971,21.199352998631202
1677106392,1,1,1,23.25890625,39580,997.4184770100961,132.6499618568467,21.214484773739436
1677106393,1,1,1,23.2637890625,39729,997.4217477113721,132.62238162492326,21.23022558386073
1677106394,1,1,1,23.2700390625,39767,997.4188237082212,132.64703831683684,21.240907145623417
1677106395,1,1,1,23.264375,39804,997.4227555112543,132.61388335379542,21.255995151894453
1677106396,1,1,1,23.2700390625,39918,997.4256606511345,132.58938580464604,21.282086765052995
1677106396,1,1,1,23.27609375,40262,997.4241098075591,132.60246326301444,21.28761275114075
1677106397,1,1,1,23.270625,40070,997.4164130248996,132.66736647709766,21.30271830628061
1677106398,1,1,1,23.2753125,40416,997.4056735949613,132.7579275293292,21.31330972137343
1677106399,1,1,1,23.28,40455,997.4051894809884,132.7620098754838,21.323902260008506
1677106400,0,1,1,23.2731640625,40533,997.4036876734581,132.77467404855798,21.328625517784204
1677106401,0,1,1,23.276875,40690,997.3912684633299,132.87940112710595,21.323707088644422
1677106402,0,0,0,23.2813671875,40888,997.3870297649811,132.91514490564484,21.318837569895802
1677106402,0,0,0,23.275703125,40848,997.3909621979997,132.88198377436336,21.303035174260028
1677106403,0,0,0,23.280390625,41168,997.3819316615179,132.9581359743117,21.28788071440257
1677106404,0,1,1,23.2876171875,41248,997.3755584597205,133.01187988788257,21.29348027644668
1677106405,1,2,2,23.2825390625,41168,997.3787896621081,132.98463178106942,21.272569586244074
1677106406,1,2,2,23.286640625,41329,997.3755881846331,133.0116292231012,21.247087405258785
1677106407,1,2,2,23.2915234375,41533,997.3668930660979,133.08495383464162,21.226804793462346
1677106408,1,2,2,23.285078125,41906,997.3506803567633,133.2216745278192,21.20582097964725
1677106409,1,2,2,23.288203125,41947,997.3338341813642,133.36373910435893,21.19572500599434
1677106409,1,2,2,23.2907421875,42031,997.331363704108,133.3845729167221,21.165017093061056
1677106410,0,2,2,23.28234375,41781,997.3323036000475,133.37664666370154,21.149066367103746
1677106411,0,2,2,23.2860546875,42327,997.3250114955046,133.43814199765455,21.118442817330664
1677106412,0,2,2,23.2878125,42327,997.3229067202025,133.4558919288443,21.10312768966221
1677106413,0,2,2,23.2784375,42327,997.3153301206897,133.5197869433685,21.092266129349152
1677106414,1,3,3,23.28234375,42498,997.3152109704826,133.52079176459065,21.077087233754217
1677106415,1,3,3,23.2883984375,42584,997.3187865649784,133.490637992437,21.067182124167232
1677106415,2,4,4,23.281953125,42627,997.3145391840364,133.5264570967138,21.051366510256905
1677106416,1,3,3,23.2860546875,42976,997.3045002272487,133.61111833391942,21.03106622123471
1677106417,1,3,3,23.2915234375,43064,997.307067977744,133.58946373397308,21.01599054134428
1677106418,1,3,3,23.285078125,42845,997.3079485922613,133.5820372614998,20.995045550110675
1677106419,1,3,3,23.2860546875,43108,997.3096280429902,133.56787399095515,20.97969730946734
1677106420,2,4,4,23.2876171875,43285,997.3191522726061,133.4875539047869,20.964386987745822
1677106421,2,4,4,23.2784375,43330,997.3033653588261,133.6206890296136,20.938149484372207
1677106421,2,4,4,23.281953125,43375,997.304283617492,133.61294507017408,20.938365575811062
1677106422,2,4,4,23.2852734375,43464,997.3099937522716,133.56478986642242,20.933435697216243
1677106423,2,4,4,23.2766796875,43464,997.3071793297211,133.58852467081786,20.9277739395622
1677106424,2,4,4,23.27765625,43599,997.3122772927242,133.54553217756387,20.927833937262832
1677106425,1,3,3,23.28,43781,997.3163080226026,133.5115400742805,20.94337964209702
1677106426,1,4,4,23.2704296875,43645,997.3101046260189,133.56385483853188,20.93765730581763
1677106427,1,4,4,23.2731640625,43964,997.3062609808356,133.5962693728952,20.973768081204195
1677106428,1,4,4,23.2762890625,43735,997.3030890531571,133.62301920193798,20.994504041994826
1677106428,2,4,4,23.2688671875,43690,997.3057082360856,133.60093083222162,21.03514356844437
1677106429,2,4,4,23.2735546875,44148,997.3086420065191,133.57618950574678,21.055986638215114
1677106430,2,4,4,23.2784375,43964,997.3084931133228,133.5774451633032,21.08198565367042
1677106431,1,4,4,23.27296875,44010,997.3093435613079,133.57027310197694,21.107349949588926
1677106432,1,4,4,23.27765625,44102,997.3071495438385,133.58877586369877,21.1384905133053
1677106433,1,4,4,23.28390625,44288,997.3025147207024,133.6278627292532,21.164592912439897
1677106434,1,3,3,23.277265625,44288,997.3081870077881,133.58002663652323,21.169324442254315
1677106434,1,3,3,23.28078125,44475,997.3005590211029,133.64435577970187,21.190119207404567
1677106435,1,3,3,23.28625,44664,997.2997082994101,133.65153020045207,21.20074863016267
1677106436,1,3,3,23.2794140625,44664,997.2982077980341,133.66418444281206,21.200323837959424
1677106437,1,3,3,23.2841015625,44998,997.3045598759451,133.6106152982923,21.20061512076244
1677106438,1,3,3,23.289375,44950,997.3119196207335,133.54854851586506,21.21123350622318
1677106439,1,3,3,23.2841015625,44854,997.3182340114987,133.49529779133235,21.210905656770546
1677106440,1,3,3,23.2887890625,44950,997.3245861900025,133.4417286694717,21.21119707761153
1677106440,1,3,3,23.2954296875,45338,997.3342973129676,133.35983346814498,21.20131911327758
1677106441,1,2,2,23.2887890625,45046,997.3331325923428,133.36965567917963,21.21119707761153
1677106442,1,2,2,23.2903515625,45485,997.3324011978872,133.37582360998366,21.211294221072972
1677106443,0,1,1,23.294453125,45534,997.3291992475414,133.40282605655355,21.19096847352456
1677106444,0,1,1,23.2860546875,45436,997.3335578614414,133.3660693392469,21.17501379431684
1677106445,0,1,1,23.289375,45881,997.3358495652104,133.34674317682325,21.170075976227153
1677106446,0,1,1,23.2954296875,45982,997.3394252089707,133.31658949446452,21.1601643911408
1677106447,1,2,2,23.289765625,45782,997.3382306437155,133.32666334657713,21.15981298254242
1677106447,1,2,2,23.2934765625,45982,997.3343569524164,133.359330522677,21.16518677381758
1677106448,1,2,2,23.2977734375,46133,997.3366187497181,133.34025657656517,21.150023219777005
1677106449,0,1,1,23.2899609375,45932,997.3385665417875,133.32383069372025,21.12382653431695
1677106450,0,1,1,23.295625,46083,997.3414704049185,133.2993422370793,21.129319500858735
1677106451,0,1,1,23.3008984375,46285,997.3454116997744,133.2661051471545,21.134788641784326
1677106452,1,1,1,23.2950390625,46184,997.3507185025348,133.22135284497125,21.10871619475281
1677106453,1,1,1,23.2985546875,46541,997.348218173665,133.24243811056897,21.11407532885945
1677106453,1,1,1,23.3044140625,46593,997.3480391979002,133.2439474142757,21.099014188003903
1677106454,0,1,1,23.2985546875,46490,997.3447995585261,133.27126735068606,21.093510729725143
1677106455,0,0,0,23.301875,47035,997.3436725504122,133.28077144698722,21.078294855766558
1677106456,0,0,0,23.3075390625,46852,997.3414482213043,133.29952931264773,21.063225508360254
1677106457,0,1,1,23.301875,46800,997.3351259702495,133.35284532013893,21.057736113824742
1677106458,0,1,1,23.3096875,47246,997.329759016566,133.3981054494994,21.058218819152007
1677106459,0,1,1,23.317109375,47246,997.325429250794,133.4346189992445,21.04839894513083
1677106459,0,1,1,23.3096875,47246,997.3160843288854,133.51342653365916,21.02224859326846
1677106460,0,1,1,23.3149609375,47567,997.3234438705563,133.45136204488338,21.00716116579349
1677106461,0,1,1,23.3221875,47702,997.3256154203367,133.43304900154573,20.97678644104595
1677106462,0,1,1,23.3153515625,47621,997.3206969382873,133.4745274314497,20.976365461196586
1677106463,0,1,1,23.3190625,47675,997.3185319344556,133.4927853445573,20.96118685549533
1677106464,1,2,2,23.32375,47838,997.3231743656936,133.45363482681782,20.946069968903593
1677106465,1,2,2,23.317109375,47892,997.3185918278488,133.4922802510833,20.9456615363467
1677106466,1,2,2,23.3200390625,47974,997.3236300718385,133.44979177698778,20.930438429099464
1677106466,1,2,2,23.3262890625,48057,997.3258314525473,133.43122716746444,20.925688516255114
1677106467,0,1,1,23.3159375,48167,997.3217045901301,133.46602971157267,20.9096518378536
1677106468,0,1,1,23.3165234375,48389,997.3244215965979,133.44311671326972,20.899421850880707
1677106469,0,1,1,23.3212109375,48528,997.3290641059897,133.4039657236553,20.874048131245836
1677106470,1,1,1,23.3128125,48389,997.3248771720657,133.43927476935198,20.87353315627498
1677106471,1,1,1,23.315546875,48500,997.3347076373763,133.35637316163832,20.853175824719745
1677106472,1,1,1,23.321796875,48753,997.3420373433096,133.29456121744636,20.848427945992423
1677106472,0,1,1,23.313984375,48584,997.3542420644021,133.19163873133877,20.817169801983862
1677106473,0,1,1,23.3165234375,48725,997.360318058692,133.14040021530852,20.807066906792777
1677106474,0,1,1,23.3221875,49066,997.3700590607071,133.05825542392444,20.797155749592893
1677106475,1,1,1,23.3149609375,48753,997.3678870057156,133.07657206688478,20.801842604371096
1677106476,2,2,2,23.3212109375,49124,997.3700889445691,133.058003417623,20.791967644883446
1677106477,2,2,2,23.327265625,49038,997.3736642439151,133.02785347783043,20.771825829630888
1677106478,2,2,2,23.318671875,49038,997.3674316423435,133.08041208807865,20.761046725255213
1677106479,2,2,2,23.3216015625,49210,997.3605045183167,133.1388278158402,20.76122552167473
1677106479,1,1,1,23.3247265625,49412,997.3624600766155,133.12233675962648,20.76654341227516
1677106480,1,2,2,23.315546875,49354,997.35692922542,133.16897802335896,20.750602567412198
1677106481,1,2,2,23.3180859375,49442,997.3630052282556,133.11773954704123,20.740504798734086
1677106482,2,3,3,23.3221875,49471,997.3632215732621,133.11591513048324,20.751007658337063
1677106483,2,3,3,23.311640625,49705,997.3570486994937,133.16797050502086,20.745237942745383
1677106484,2,3,3,23.3122265625,49587,997.3546377002854,133.18830234863094,20.755526604757584
1677106485,2,3,3,23.3133984375,49646,997.3549437273499,133.18572163449676,20.77097915822067
1677106485,1,2,2,23.3028515625,49529,997.3538986255422,133.19453493936084,20.770335293287385
1677106486,1,2,2,23.3048046875,49646,997.3384550458339,133.3247709471148,20.796093356290953
1677106487,1,2,2,23.31125,49529,997.3444115143258,133.27453973914157,20.817002540918413
1677106488,2,2,2,23.3055859375,49383,997.3483452494673,133.24136647968746,20.888485686500637
1677106489,2,2,2,23.3122265625,49587,997.3495096670423,133.23154694558028,20.95049599561358
1677106490,2,2,2,23.320234375,49734,997.3564438925268,133.17307081015667,21.007486335671445
1677106491,2,2,2,23.3122265625,49529,997.3631844243168,133.11622840393366,21.06865492037061
1677106491,2,2,2,23.3137890625,49971,997.3675809621429,133.0791528931088,21.094453417201475
1677106492,2,2,2,23.3169140625,50090,997.3609898508397,133.13473504565783,21.120354307258054
1677106493,2,3,3,23.3087109375,50209,997.3571382599117,133.16721524696433,21.099280132042374
1677106494,2,3,3,23.3118359375,50090,997.3590939398808,133.150723119644,21.11489785203404
1677106495,2,3,3,23.314375,50481,997.3651699580788,133.09948460382537,21.084208252728867
1677106496,2,3,3,23.305390625,50269,997.3685212716359,133.07122338570235,21.078512253975482
1677106497,2,3,3,23.3079296875,50541,997.3660506702576,133.09205765808431,21.06324964927915
1677106498,2,3,3,23.313203125,50511,997.3665732645666,133.0876506821641,21.053296752969825
1677106498,2,3,3,23.3055859375,50786,997.3688571740349,133.06839076601722,21.032271569049954
1677106499,2,3,3,23.308515625,50909,997.3756050506848,133.01148699475425,21.03245239249714
1677106500,2,3,3,23.313984375,50940,997.3781729632921,132.98983227777674,21.017375902113383
1677106501,2,3,3,23.3075390625,50940,997.3858908677553,132.9247489339907,21.011840832366953
1677106502,2,3,3,23.3118359375,50847,997.3915714892556,132.87684579744555,21.00183135705943
1677106503,2,3,3,23.3153515625,51157,997.4010365418462,132.7970300732019,21.002048081447928
1677106504,1,3,3,23.306953125,51313,997.4071044734396,132.74586149314652,20.99125689163992
1677106504,1,3,3,23.3096875,51250,997.4152259566332,132.6773764808938,20.96574528182365
1677106505,1,3,3,23.312421875,51219,997.4165100831639,132.6665480295719,20.940238701782945
1677106506,1,2,2,23.3034375,51501,997.419860593916,132.63829475898208,20.91401740110327
1677106507,1,2,2,23.3059765625,51851,997.4276462119725,132.5726426254344,20.89364195820098
1677106508,1,2,2,23.3079296875,51723,997.4241680739091,132.60197193285197,20.862971047040595
1677106509,1,2,2,23.29875,51564,997.4306009788124,132.54772669710073,20.831626211109846
1677106510,1,2,2,23.3012890625,51787,997.4418052782477,132.45324752751887,20.81639327326752
1677106510,1,2,2,23.3034375,52205,997.4489191299954,132.39326110781013,20.78575366161806
1677106511,1,2,2,23.2940625,52237,997.4498876194964,132.38509450142928,20.785181021751292
1677106512,1,2,2,23.2950390625,52011,997.4498579755945,132.38534446798553,20.754478074266885
1677106513,1,2,2,23.2962109375,52498,997.4467456443831,132.41158864166295,20.72891991070234
1677106514,1,2,2,23.2872265625,52108,997.4449671571714,132.42658544526725,20.697624721711136
1677106515,1,2,2,23.2903515625,52076,997.4486327938863,132.39567558467172,20.70293900827098
1677106516,1,2,2,23.2954296875,52433,997.4539484494578,132.35085238299357,20.713497133156437
1677106517,1,2,2,23.2891796875,52043,997.4500357745324,132.38384521239328,20.723366289822515
1677106517,1,2,2,23.294453125,52237,997.4522687860989,132.36501578717986,20.74931599491389
1677106518,1,2,2,23.3001171875,52076,997.4585922111646,132.31169495013873,20.77016837695471
1677106519,1,2,2,23.2930859375,51787,997.460173054183,132.29836489535697,20.800505503564157
1677106520,1,2,2,23.2966015625,52108,997.4628012821129,132.27620307281978,20.846884812172732
1677106521,1,2,2,23.302265625,52011,997.4588688248857,132.30936247438854,20.90367940742885
1677106522,1,2,2,23.2966015625,51851,997.4542547382506,132.3482696699489,20.964939883712248
1677106523,1,2,2,23.3008984375,52076,997.451389341709,132.37243152273354,21.03198226307812
1677106523,1,2,2,23.3079296875,52108,997.4480988024526,132.40017837124853,21.078669268772774
1677106524,1,2,2,23.3024609375,52400,997.4472394880789,132.40742438901503,21.124600930969244
1677106525,1,2,2,23.3071484375,52433,997.4416270875445,132.4547500966401,21.166035250523656
1677106526,1,2,2,23.312421875,52729,997.4284755259723,132.56564946924826,21.176650819971112
1677106527,1,2,2,23.305,52696,997.422547949508,132.61563361736827,21.18133434070989
1677106528,1,2,2,23.308515625,52762,997.4132104630723,132.694372238422,21.196987182954732
1677106529,1,2,2,23.3102734375,52828,997.4076869908157,132.7409493569315,21.1970964224356
1677106529,1,1,1,23.2993359375,52862,997.4076783579085,132.7410221547735,21.19127181233985
1677106530,1,1,1,23.301875,53028,997.4069173197408,132.74743968598017,21.186284806136605
1677106531,1,1,1,23.3040234375,53535,997.4140310469745,132.6874526173068,21.19156303220255
1677106532,1,1,1,23.2946484375,53095,997.4030349666588,132.78017808214952,21.1704032869605
1677106533,1,1,1,23.2962109375,53331,997.400594389655,132.80075858583282,21.175644298797387
1677106534,1,1,1,23.2985546875,53365,997.3943695163965,132.85325087656076,21.170645751016043
1677106535,1,2,2,23.289375,53297,997.3990930823318,132.8134185880714,21.154645457415686
1677106536,1,2,2,23.2925,53433,997.3925027060852,132.8689931201977,21.14455327560786
1677106536,1,2,2,23.294453125,53740,997.3770595632948,132.99922136193766,21.124104821438614
1677106537,1,2,2,23.2829296875,53809,997.3692058843116,133.06545014004215,21.102825483161865
1677106538,1,2,2,23.2815625,54086,997.3702730410755,133.05645095846674,21.097600050388714
1677106539,1,2,2,23.28078125,53912,997.3757664438449,133.01012599570853,21.087270741325224
1677106540,1,2,2,23.269453125,53843,997.3682481756209,133.0735263681851,21.05573330892906
1677106541,1,2,2,23.26828125,54191,997.3662326900019,133.09052270692203,21.045383739956183
1677106542,1,2,2,23.2690625,54191,997.3624486574014,133.1224330568048,21.03001776929849
1677106542,1,2,2,23.258125,54260,997.3624388098101,133.12251610063987,21.00365769719924
1677106543,1,2,2,23.2596875,54086,997.3651261420363,133.09985409967206,20.99861754928139
1677106544,1,2,2,23.26203125,54401,997.3623203008609,133.12351547576614,20.99362570158905
1677106545,1,3,3,23.2532421875,54121,997.3523317264501,133.20774855541703,20.977677212726665
1677106546,1,3,3,23.25421875,54401,997.3505929220985,133.22241186337808,20.982872825906046
1677106547,1,3,3,23.2567578125,54578,997.3498322179012,133.22882687563632,20.98302915323387
1677106548,1,3,3,23.2450390625,54507,997.3399325044024,133.31231143966616,20.98230767721119
1677106549,1,3,3,23.2458203125,54542,997.331021162758,133.38746160972283,20.982355772854675
1677106549,1,3,3,23.247578125,54755,997.3374627009947,133.3331394662581,20.982463989493112
1677106550,0,2,2,23.2372265625,54542,997.3418782782284,133.29590262095908,20.971556403953585
1677106551,0,2,2,23.2387890625,54862,997.3428564669177,133.28765351122053,20.97165254650534
1677106552,0,2,2,23.24171875,54827,997.3427677546306,133.28840162570995,20.971832818036113
1677106553,0,2,2,23.2341015625,54827,997.33992188297,133.31240101086692,20.98163437957439
1677106554,1,3,3,23.2376171875,54898,997.3510958360386,133.2181707964241,20.97671550611633
1677106555,1,3,3,23.2423046875,55368,997.3591579199995,133.1501835797314,20.98727490502923
1677106555,1,3,3,23.23234375,54862,997.371081250937,133.04963544456285,20.976390965700325
1677106556,1,3,3,23.2348828125,55114,997.3805757333108,132.96957021761565,20.98168246970157
1677106557,1,3,3,23.2372265625,55223,997.3828977495326,132.94998917499007,20.99209794278464
1677106558,1,2,2,23.228828125,55405,997.3872531563561,132.9132611044915,20.981309781522462
1677106559,1,2,2,23.2333203125,55223,997.3932705149508,132.86251841864672,20.996993258865576
1677106560,1,2,2,23.23703125,55332,997.3945258389812,132.85193265682494,21.00235797178974
1677106561,1,2,3,23.2286328125,55368,997.3852080992589,132.9305065499435,20.996704543142148
1677106562,1,2,3,23.23234375,55588,997.3779177800861,132.99198418703537,21.00206918296206
1677106562,1,2,3,23.236640625,55551,997.3733442403609,133.03055201415225,20.992061858798053
1677106563,1,2,3,23.2266796875,55772,997.3596302460684,133.14620048755532,20.98117754301884
1677106564,1,2,3,23.228046875,55847,997.3602726094441,133.14078348530415,20.965856873387764
1677106565,1,2,3,23.231953125,55847,997.365282002873,133.09853974251118,20.960962597036655
