Time,PM10 std,PM25 std,PM 100 std,Temperature,Gas,Pressure,Altitude,Relative Humidity
1677107493,1,3,4,16.3755078125,138832,996.7439268907938,138.3396802878448,27.33654954486769
1677107493,1,3,4,16.3755078125,138832,996.7439268907938,138.3396802878448,27.33654954486769
1677107493,1,2,3,16.3755078125,138832,996.7439268907938,138.3396802878448,27.33654954486769
1677107493,1,2,3,16.3755078125,138832,996.7439268907938,138.3396802878448,27.33654954486769
1677107493,2,3,4,16.3755078125,138832,996.7439268907938,138.3396802878448,27.33654954486769
1677107493,2,3,4,16.3755078125,138832,996.7439268907938,138.3396802878448,27.33654954486769
1677107493,2,3,4,16.3755078125,138832,996.7439268907938,138.3396802878448,27.33654954486769
1677107493,1,2,3,16.3755078125,138832,996.7439268907938,138.3396802878448,27.33654954486769
1677107493,1,2,3,16.3755078125,138832,996.7439268907938,138.3396802878448,27.33654954486769
1677107493,1,2,3,16.3755078125,138832,996.7439268907938,138.3396802878448,27.33654954486769
1677107493,1,2,3,16.3755078125,138832,996.7439268907938,138.3396802878448,27.33654954486769
1677107493,1,2,3,16.3755078125,138832,996.7439268907938,138.3396802878448,27.33654954486769
1677107493,1,2,3,16.3755078125,138832,996.7439268907938,138.3396802878448,27.33654954486769
1677107493,1,2,3,16.3755078125,138832,996.7439268907938,138.3396802878448,27.33654954486769
1677107493,1,2,3,16.3755078125,138832,996.7439268907938,138.3396802878448,27.33654954486769
1677107493,1,2,3,16.3755078125,138832,996.7439268907938,138.3396802878448,27.33654954486769
1677107493,1,2,3,16.3755078125,138832,996.7439268907938,138.3396802878448,27.33654954486769
1677107493,1,2,3,16.3755078125,138832,996.7439268907938,138.3396802878448,27.33654954486769
1677107493,1,2,3,16.3755078125,138832,996.7439268907938,138.3396802878448,27.33654954486769
1677107493,1,2,3,16.3755078125,138832,996.7439268907938,138.3396802878448,27.33654954486769
1677107493,0,1,2,16.3755078125,138832,996.7439268907938,138.3396802878448,27.33654954486769
1677107493,1,2,3,16.3755078125,138832,996.7439268907938,138.3396802878448,27.33654954486769
1677107493,1,2,3,16.3755078125,138832,996.7439268907938,138.3396802878448,27.33654954486769
1677107493,1,2,2,16.3755078125,138832,996.7439268907938,138.3396802878448,27.33654954486769
1677107493,1,2,2,16.3755078125,138832,996.7439268907938,138.3396802878448,27.33654954486769
1677107493,1,2,2,16.3755078125,138832,996.7439268907938,138.3396802878448,27.33654954486769
1677107493,1,2,2,16.3755078125,138832,996.7439268907938,138.3396802878448,27.33654954486769
1677107493,1,2,2,16.3755078125,138832,996.7439268907938,138.3396802878448,27.33654954486769
1677107493,1,2,2,16.3755078125,138832,996.7439268907938,138.3396802878448,27.33654954486769
1677107493,1,2,2,16.3755078125,138832,996.7439268907938,138.3396802878448,27.33654954486769
1677107493,1,2,2,16.3755078125,138832,996.7439268907938,138.3396802878448,27.33654954486769
1677107493,0,1,1,16.3755078125,138832,996.7439268907938,138.3396802878448,27.33654954486769
1677107493,0,1,1,16.3755078125,138832,996.7439268907938,138.3396802878448,27.33654954486769
1677107493,0,1,1,16.3755078125,138832,996.7439268907938,138.3396802878448,27.33654954486769
1677107493,0,1,1,16.3755078125,138832,996.7439268907938,138.3396802878448,27.33654954486769
1677107493,1,1,1,16.3755078125,138832,996.7439268907938,138.3396802878448,27.33654954486769
1677107493,1,1,1,16.3755078125,138832,996.7439268907938,138.3396802878448,27.33654954486769
1677107493,1,1,1,16.3755078125,138832,996.7439268907938,138.3396802878448,27.33654954486769
1677107493,1,2,2,16.3755078125,138832,996.7439268907938,138.3396802878448,27.33654954486769
1677107493,1,2,2,16.3755078125,138832,996.7439268907938,138.3396802878448,27.33654954486769
1677107493,1,2,2,16.3755078125,138832,996.7439268907938,138.3396802878448,27.33654954486769
1677107493,1,1,1,16.3755078125,138832,996.7439268907938,138.3396802878448,27.33654954486769
1677107493,1,1,1,16.3755078125,138832,996.7439268907938,138.3396802878448,27.33654954486769
1677107493,1,1,1,16.3755078125,138832,996.7439268907938,138.3396802878448,27.33654954486769
1677107493,1,1,1,16.3755078125,138832,996.7439268907938,138.3396802878448,27.33654954486769
1677107493,1,1,1,16.3755078125,138832,996.7439268907938,138.3396802878448,27.33654954486769
1677107493,1,1,1,16.3755078125,138832,996.7439268907938,138.3396802878448,27.33654954486769
1677107493,1,1,1,16.3755078125,138832,996.7439268907938,138.3396802878448,27.33654954486769
1677107493,1,1,1,16.3755078125,138832,996.7439268907938,138.3396802878448,27.33654954486769
1677107493,1,1,1,16.3755078125,138832,996.7439268907938,138.3396802878448,27.33654954486769
1677107493,1,1,1,16.3755078125,138832,996.7439268907938,138.3396802878448,27.33654954486769
1677107493,1,1,1,16.3755078125,138832,996.7439268907938,138.3396802878448,27.33654954486769
1677107493,1,1,1,16.3755078125,138832,996.7439268907938,138.3396802878448,27.33654954486769
1677107493,1,1,1,16.3755078125,138832,996.7439268907938,138.3396802878448,27.33654954486769
1677107493,1,1,1,16.3755078125,138832,996.7439268907938,138.3396802878448,27.33654954486769
1677107493,1,1,1,16.3755078125,138832,996.7439268907938,138.3396802878448,27.33654954486769
1677107493,0,1,1,16.3755078125,138832,996.7439268907938,138.3396802878448,27.33654954486769
1677107493,0,1,1,16.3755078125,138832,996.7439268907938,138.3396802878448,27.33654954486769
1677107493,0,1,1,16.3755078125,138832,996.7439268907938,138.3396802878448,27.33654954486769
1677107493,0,1,1,16.3755078125,138832,996.7439268907938,138.3396802878448,27.33654954486769
1677107493,0,1,1,16.3755078125,138832,996.7439268907938,138.3396802878448,27.33654954486769
1677107493,0,1,1,16.3755078125,138832,996.7439268907938,138.3396802878448,27.33654954486769
1677107493,0,1,1,16.3755078125,138832,996.7439268907938,138.3396802878448,27.33654954486769
1677107493,0,1,1,16.3755078125,138832,996.7439268907938,138.3396802878448,27.33654954486769
1677107493,0,1,1,16.3755078125,138832,996.7439268907938,138.3396802878448,27.33654954486769
1677107493,0,1,1,16.3755078125,138832,996.7439268907938,138.3396802878448,27.33654954486769
1677107493,0,1,1,16.3755078125,138832,996.7439268907938,138.3396802878448,27.33654954486769
1677107493,0,1,1,16.3755078125,138832,996.7439268907938,138.3396802878448,27.33654954486769
1677107493,0,1,1,16.3755078125,138832,996.7439268907938,138.3396802878448,27.33654954486769
1677107493,0,1,1,16.3755078125,138832,996.7439268907938,138.3396802878448,27.33654954486769
1677107493,0,1,1,16.3755078125,138832,996.7439268907938,138.3396802878448,27.33654954486769
1677107493,0,1,1,16.3755078125,138832,996.7439268907938,138.3396802878448,27.33654954486769
1677107493,0,1,1,16.3755078125,138832,996.7439268907938,138.3396802878448,27.33654954486769
1677107493,0,1,1,16.3755078125,138832,996.7439268907938,138.3396802878448,27.33654954486769
1677107493,0,1,1,16.3755078125,138832,996.7439268907938,138.3396802878448,27.33654954486769
1677107493,0,1,1,16.3755078125,138832,996.7439268907938,138.3396802878448,27.33654954486769
1677107493,0,1,1,16.3755078125,138832,996.7439268907938,138.3396802878448,27.33654954486769
1677107493,0,1,1,16.3755078125,138832,996.7439268907938,138.3396802878448,27.33654954486769
1677107493,0,1,1,16.3755078125,138832,996.7439268907938,138.3396802878448,27.33654954486769
1677107493,0,1,1,16.3755078125,138832,996.7439268907938,138.3396802878448,27.33654954486769
1677107493,0,1,1,16.3755078125,138832,996.7439268907938,138.3396802878448,27.33654954486769
1677107493,0,1,1,16.3755078125,138832,996.7439268907938,138.3396802878448,27.33654954486769
1677107493,0,1,1,16.3755078125,138832,996.7439268907938,138.3396802878448,27.33654954486769
1677107493,0,1,1,16.3755078125,138832,996.7439268907938,138.3396802878448,27.33654954486769
1677107493,0,1,1,16.3755078125,138832,996.7439268907938,138.3396802878448,27.33654954486769
1677107493,0,1,1,16.3755078125,138832,996.7439268907938,138.3396802878448,27.33654954486769
1677107493,0,1,1,16.3755078125,138832,996.7439268907938,138.3396802878448,27.33654954486769
1677107493,0,1,1,16.3755078125,138832,996.7439268907938,138.3396802878448,27.33654954486769
1677107493,0,1,1,16.3755078125,138832,996.7439268907938,138.3396802878448,27.33654954486769
1677107493,0,1,1,16.3755078125,138832,996.7439268907938,138.3396802878448,27.33654954486769
1677107493,0,1,1,16.3755078125,138832,996.7439268907938,138.3396802878448,27.33654954486769
1677107493,0,1,1,16.3755078125,138832,996.7439268907938,138.3396802878448,27.33654954486769
1677107493,0,1,1,16.3755078125,138832,996.7439268907938,138.3396802878448,27.33654954486769
1677107493,0,1,1,16.3755078125,138832,996.7439268907938,138.3396802878448,27.33654954486769
1677107493,0,1,1,16.3755078125,138832,996.7439268907938,138.3396802878448,27.33654954486769
1677107493,0,1,1,16.3755078125,138832,996.7439268907938,138.3396802878448,27.33654954486769
1677107493,0,1,1,16.3755078125,138832,996.7439268907938,138.3396802878448,27.33654954486769
1677107493,0,1,1,16.3755078125,138832,996.7439268907938,138.3396802878448,27.33654954486769
1677107493,0,1,1,16.3755078125,138832,996.7439268907938,138.3396802878448,27.33654954486769
1677107493,0,1,1,16.3755078125,138832,996.7439268907938,138.3396802878448,27.33654954486769
1677107493,0,1,1,16.3755078125,138832,996.7439268907938,138.3396802878448,27.33654954486769
1677107493,0,1,1,16.3755078125,138832,996.7439268907938,138.3396802878448,27.33654954486769
1677107493,0,1,1,16.3755078125,138832,996.7439268907938,138.3396802878448,27.33654954486769
1677107493,0,1,1,16.3755078125,138832,996.7439268907938,138.3396802878448,27.33654954486769
1677107493,0,1,1,16.3755078125,138832,996.7439268907938,138.3396802878448,27.33654954486769
1677107493,0,1,1,16.3755078125,138832,996.7439268907938,138.3396802878448,27.33654954486769
1677107493,0,1,1,16.3755078125,138832,996.7439268907938,138.3396802878448,27.33654954486769
1677107493,0,1,1,16.3755078125,138832,996.7439268907938,138.3396802878448,27.33654954486769
1677107493,0,1,1,16.3755078125,138832,996.7439268907938,138.3396802878448,27.33654954486769
1677107493,0,1,1,16.3755078125,138832,996.7439268907938,138.3396802878448,27.33654954486769
1677107493,0,1,1,16.3755078125,138832,996.7439268907938,138.3396802878448,27.33654954486769
1677107493,0,1,1,16.3755078125,138832,996.7439268907938,138.3396802878448,27.33654954486769
1677107493,0,1,1,16.3755078125,138832,996.7439268907938,138.3396802878448,27.33654954486769
1677107493,1,1,2,16.3755078125,138832,996.7439268907938,138.3396802878448,27.33654954486769
1677107493,1,1,2,16.3755078125,138832,996.7439268907938,138.3396802878448,27.33654954486769
1677107493,1,1,2,16.3755078125,138832,996.7439268907938,138.3396802878448,27.33654954486769
1677107493,1,2,2,16.3755078125,138832,996.7439268907938,138.3396802878448,27.33654954486769
1677107493,1,2,2,16.3755078125,138832,996.7439268907938,138.3396802878448,27.33654954486769
1677107493,1,2,2,16.3755078125,138832,996.7439268907938,138.3396802878448,27.33654954486769
1677107493,1,2,3,16.3755078125,138832,996.7439268907938,138.3396802878448,27.33654954486769
1677107493,1,2,3,16.3755078125,138832,996.7439268907938,138.3396802878448,27.33654954486769
1677107493,1,2,3,16.3755078125,138832,996.7439268907938,138.3396802878448,27.33654954486769
1677107493,1,2,3,16.3755078125,138832,996.7439268907938,138.3396802878448,27.33654954486769
1677107493,1,2,3,16.3755078125,138832,996.7439268907938,138.3396802878448,27.33654954486769
1677107493,1,2,3,16.3755078125,138832,996.7439268907938,138.3396802878448,27.33654954486769
1677107493,1,2,3,16.3755078125,138832,996.7439268907938,138.3396802878448,27.33654954486769
1677107493,1,2,3,16.3755078125,138832,996.7439268907938,138.3396802878448,27.33654954486769
1677107493,1,2,3,16.3755078125,138832,996.7439268907938,138.3396802878448,27.33654954486769
1677107493,1,2,2,16.3755078125,138832,996.7439268907938,138.3396802878448,27.33654954486769
1677107493,1,2,2,16.3755078125,138832,996.7439268907938,138.3396802878448,27.33654954486769
1677107493,1,2,2,16.3755078125,138832,996.7439268907938,138.3396802878448,27.33654954486769
1677107493,1,2,2,16.3755078125,138832,996.7439268907938,138.3396802878448,27.33654954486769
1677107493,1,2,2,16.3755078125,138832,996.7439268907938,138.3396802878448,27.33654954486769
1677107493,1,2,2,16.3755078125,138832,996.7439268907938,138.3396802878448,27.33654954486769
1677107493,1,2,2,16.3755078125,138832,996.7439268907938,138.3396802878448,27.33654954486769
1677107493,1,2,2,16.3755078125,138832,996.7439268907938,138.3396802878448,27.33654954486769
1677107493,1,2,2,16.3755078125,138832,996.7439268907938,138.3396802878448,27.33654954486769
1677107493,1,2,2,16.3755078125,138832,996.7439268907938,138.3396802878448,27.33654954486769
1677107493,1,2,2,16.3755078125,138832,996.7439268907938,138.3396802878448,27.33654954486769
1677107493,1,2,2,16.3755078125,138832,996.7439268907938,138.3396802878448,27.33654954486769
1677107493,1,2,2,16.3755078125,138832,996.7439268907938,138.3396802878448,27.33654954486769
1677107493,1,2,2,16.3755078125,138832,996.7439268907938,138.3396802878448,27.33654954486769
1677107493,1,2,2,16.3755078125,138832,996.7439268907938,138.3396802878448,27.33654954486769
1677107493,0,2,2,16.3755078125,138832,996.7439268907938,138.3396802878448,27.33654954486769
1677107493,0,2,2,16.3755078125,138832,996.7439268907938,138.3396802878448,27.33654954486769
1677107493,0,2,2,16.3755078125,138832,996.7439268907938,138.3396802878448,27.33654954486769
1677107493,0,1,1,16.3755078125,138832,996.7439268907938,138.3396802878448,27.33654954486769
1677107493,0,1,1,16.3755078125,138832,996.7439268907938,138.3396802878448,27.33654954486769
1677107493,0,1,1,16.3755078125,138832,996.7439268907938,138.3396802878448,27.33654954486769
1677107493,1,1,1,16.3755078125,138832,996.7439268907938,138.3396802878448,27.33654954486769
1677107493,1,1,1,16.3755078125,138832,996.7439268907938,138.3396802878448,27.33654954486769
1677107493,1,1,1,16.3755078125,138832,996.7439268907938,138.3396802878448,27.33654954486769
1677107493,1,1,1,16.3755078125,138832,996.7439268907938,138.3396802878448,27.33654954486769
1677107493,1,1,1,16.3755078125,138832,996.7439268907938,138.3396802878448,27.33654954486769
1677107493,1,1,1,16.3755078125,138832,996.7439268907938,138.3396802878448,27.33654954486769
1677107493,1,2,2,16.3755078125,138832,996.7439268907938,138.3396802878448,27.33654954486769
1677107493,1,2,2,16.3755078125,138832,996.7439268907938,138.3396802878448,27.33654954486769
1677107493,1,2,2,16.3755078125,138832,996.7439268907938,138.3396802878448,27.33654954486769
1677107493,1,1,1,16.3755078125,138832,996.7439268907938,138.3396802878448,27.33654954486769
1677107493,1,1,1,16.3755078125,138832,996.7439268907938,138.3396802878448,27.33654954486769
1677107493,1,1,1,16.3755078125,138832,996.7439268907938,138.3396802878448,27.33654954486769
1677107493,1,1,1,16.3755078125,138832,996.7439268907938,138.3396802878448,27.33654954486769
1677107493,1,1,1,16.3755078125,138832,996.7439268907938,138.3396802878448,27.33654954486769
1677107493,1,1,1,16.3755078125,138832,996.7439268907938,138.3396802878448,27.33654954486769
1677107493,1,1,1,16.3755078125,138832,996.7439268907938,138.3396802878448,27.33654954486769
1677107493,1,1,1,16.3755078125,138832,996.7439268907938,138.3396802878448,27.33654954486769
1677107493,1,1,1,16.3755078125,138832,996.7439268907938,138.3396802878448,27.33654954486769
1677107493,1,1,1,16.3755078125,138832,996.7439268907938,138.3396802878448,27.33654954486769
1677107493,1,1,1,16.3755078125,138832,996.7439268907938,138.3396802878448,27.33654954486769
1677107493,1,1,1,16.3755078125,138832,996.7439268907938,138.3396802878448,27.33654954486769
1677107493,1,1,1,16.3755078125,138832,996.7439268907938,138.3396802878448,27.33654954486769
1677107493,1,1,1,16.3755078125,138832,996.7439268907938,138.3396802878448,27.33654954486769
1677107493,1,1,1,16.3755078125,138832,996.7439268907938,138.3396802878448,27.33654954486769
1677107493,1,2,2,16.3755078125,138832,996.7439268907938,138.3396802878448,27.33654954486769
1677107493,1,2,2,16.4727734375,6817,996.754975927726,138.2464583803901,27.30098897394429
1677107493,1,2,2,16.5227734375,10051,996.7721534308669,138.10153160899713,27.23535044812826
1677107494,1,2,3,16.54796875,13086,996.7751575900105,138.07618569503745,27.135987268977054
1677107495,1,2,3,16.5798046875,15945,996.7693524531002,138.12516334934784,27.069096780038258
1677107496,1,2,3,16.6016796875,18451,996.7666059611548,138.1483354471564,26.990876878892113
1677107497,1,2,2,16.60734375,20766,996.7679483245037,138.13700994787823,26.90090034359279
1677107498,1,2,2,16.6262890625,22744,996.7855026914665,137.98890515589906,26.822561158201236
1677107498,1,2,2,16.635078125,25073,996.7770276945502,138.06040776429566,26.748845290378163
1677107499,1,2,3,16.6282421875,26461,996.7838073509897,138.00320851595856,26.663440479914236
1677107500,1,2,3,16.6173046875,28124,996.7834904535816,138.00588213904666,26.58310346182767
1677107501,1,2,3,16.6130078125,29587,996.7794392467642,138.0400617158015,26.51918862334392
1677107502,0,1,2,16.5989453125,30982,996.7754064381852,138.07408618040589,26.481099012981172
1677107503,0,1,2,16.594453125,32142,996.7710171425098,138.1111184231401,26.411928479003265
1677107504,0,1,2,16.587421875,33392,996.774074539746,138.08532331927537,26.34790850800562
1677107504,0,2,3,16.558125,34346,996.7842736975945,137.9992740102825,26.314089825816467
1677107505,0,2,3,16.5489453125,35356,996.7768472587684,138.06193008631377,26.265836627852092
1677107506,0,2,3,16.5458203125,36459,996.7782053907338,138.05047164284974,26.228602660357033
1677107507,0,3,3,16.5321484375,37069,996.7866834075943,137.97894362403753,26.18006802864919
1677107508,0,3,3,16.5153515625,38075,996.7863706876294,137.98158199639613,26.18417190813173
1677107509,0,3,3,16.489765625,38957,996.7860689789618,137.98412746869417,26.155953614097584
1677107510,1,3,4,16.453828125,39284,996.7813805952941,138.02368276233284,26.137582540656826
1677107511,1,3,4,16.4313671875,40300,996.7864798375625,137.98066111438436,26.114880452044183
1677107511,1,3,4,16.4005078125,40967,996.7804250363552,138.03174470942474,26.091596341945007
1677107512,1,3,5,16.34953125,41739,996.7767502524318,138.0627485209744,26.072191123207944
1677107513,1,3,5,16.320234375,42285,996.7750804039606,138.0768369084266,26.075420915307465
1677107514,1,3,5,16.2950390625,42845,996.7754334991084,138.07385786931135,26.052548069464017
1677107515,1,3,5,16.2501171875,43464,996.7805247446729,138.03090348087292,26.059964847854165
1677107516,1,3,5,16.21203125,43964,996.782224715596,138.01656101614154,26.099526818186405
1677107517,1,3,5,16.1719921875,44759,996.7822278717249,138.01653438825034,26.080895097179663
1677107517,1,3,4,16.1309765625,44950,996.7889845108253,137.95952957505366,26.07803121737425
1677107518,1,3,4,16.1059765625,45782,996.7795136569678,138.03943392426274,26.113228042834333
1677107519,1,3,4,16.078828125,46032,996.7798421273823,138.03666265225405,26.12188756141431
1677107520,1,3,4,16.04015625,46696,996.7804989469462,138.03112113356244,26.171974913927627
1677107521,1,3,4,16.02296875,46748,996.782854152263,138.01125053433373,26.21301762233316
1677107522,1,3,4,16.0001171875,47433,996.7939907348955,137.917292968908,26.248391152236575
1677107523,1,3,4,15.9583203125,47838,996.7841541996881,138.00028219844305,26.17153157620814
1677107524,1,3,4,15.9247265625,47974,996.7648584655213,138.16307905990442,26.179741754169232
1677107524,1,3,4,15.8856640625,48697,996.7614347607679,138.1919649020764,26.19812873987736
1677107525,1,3,4,15.830390625,48924,996.7586574922981,138.21539681180963,26.236504315120495
1677107526,1,3,4,15.7923046875,49210,996.7535309439388,138.25864981574,26.281371350493515
1677107527,1,3,4,15.751484375,49675,996.7504208011902,138.2848903692568,26.31549035180612
1677107528,1,3,4,15.69875,49852,996.7773445116011,138.05773480513884,26.338211151568014
1677107529,1,3,4,15.66125,50269,996.791788755136,137.93587065232745,26.35143352209192
1677107530,1,3,4,15.6173046875,50816,996.8001297170965,137.86549972193632,26.380057518613704
1677107530,1,3,4,15.56046875,50724,996.7996455307333,137.86958468675135,26.381356271820838
1677107531,1,3,4,15.5290234375,51157,996.8144178387598,137.74495497197356,26.410859093432208
1677107532,1,3,4,15.4977734375,51438,996.7974415415206,137.8881792381526,26.461525836449454
1677107533,1,2,3,15.4575390625,51660,996.7598367130828,138.20544767897707,26.50628722964682
1677107534,1,2,3,15.4309765625,52237,996.7475974783742,138.30871105466267,26.552021431648026
1677107535,1,2,3,15.408515625,52140,996.7694720454047,138.12415435263426,26.592765609900518
1677107536,1,2,3,15.3743359375,52400,996.759227357966,138.21058883122973,26.643279232977704
1677107537,1,2,3,15.3508984375,53162,996.755769225731,138.23976527238892,26.68397657823254
1677107537,1,2,3,15.337421875,53028,996.7729392117195,138.09490201619758,26.720092079944514
1677107538,0,2,2,15.3149609375,53297,996.7998645056593,137.86773724735343,26.718503964121332
1677107539,0,2,2,15.3024609375,53297,996.8153462999617,137.73712186175763,26.74939841568628
1677107540,0,2,2,15.2919140625,53603,996.7869482243091,137.97670940487527,26.775139284560343
1677107541,0,2,2,15.25734375,53740,996.7743225891868,138.08323054166055,26.820378719073958
1677107542,0,2,2,15.23625,54086,996.7884150773028,137.9643337934695,26.840082454005184
1677107543,0,2,2,15.21984375,54507,996.7971235985485,137.8908616528167,26.87072262168901
1677107543,0,2,2,15.197578125,54542,996.7990547243131,137.87456918172614,26.916860127213162
1677107544,0,2,2,15.184296875,54684,996.7743579142776,138.08293250611248,26.968954946114284
1677107545,0,2,2,15.1688671875,54898,996.7763162329048,138.06641030963135,27.020915360475694
1677107546,0,1,1,15.154609375,54898,996.7853663926147,137.99005509028973,27.03051324805657
1677107547,0,1,1,15.1534375,55332,996.7833361080235,138.00718433311604,27.072894036297356
1677107548,0,1,1,15.1520703125,55515,996.8012181603207,137.85631679203308,27.16839166094796
1677107549,1,2,2,15.1348828125,55625,996.8085656080747,137.7943283804772,27.188413542072492
1677107550,1,2,2,15.1221875,55995,996.8203196760719,137.6951632858383,27.19813147135438
1677107550,1,2,2,15.1034375,56107,996.8553305447859,137.39979404261612,27.21804440791951
1677107551,1,2,2,15.0829296875,55958,996.8704181205894,137.27251027790464,27.22720372622886
1677107552,1,2,2,15.0704296875,56295,996.8538206837256,137.4125318142698,27.258198505471743
1677107553,1,2,2,15.055,56522,996.8523944660697,137.42456395217394,27.294306128468655
1677107554,1,1,1,15.030390625,56561,996.8451841653923,137.48539312225313,27.345718292404094
1677107555,1,1,1,15.0169140625,56828,996.8420783896036,137.51159488049558,27.397948374835686
1677107556,1,1,1,14.99640625,56982,996.8402851170868,137.52672378536008,27.43904482291536
1677107556,1,2,2,14.9641796875,56944,996.8401147519379,137.52816106840254,27.516578296505806
1677107557,1,2,2,14.9477734375,57371,996.8420507138904,137.5118283658847,27.547348321165884
1677107558,1,2,2,14.923359375,57647,996.8452907460983,137.48449395938886,27.58820023576157
1677107559,1,2,2,14.8846875,57686,996.823818869768,137.6656419554788,27.61737152883677
1677107560,1,2,2,14.8579296875,58005,996.8297378489482,137.61570603121916,27.65273927366899
1677107561,1,2,2,14.83390625,58085,996.8285851982092,137.62543043923733,27.757635988050314
1677107562,1,1,1,14.79796875,58165,996.8337674116648,137.58171045200817,27.86707865818818
1677107562,1,1,1,14.7926953125,58286,996.8499267767526,137.4453823910639,28.144568489733864
1677107563,1,1,1,14.79484375,58408,996.8570236831434,137.38551009140772,27.85617513586395
1677107564,1,1,1,14.7688671875,58652,996.9688500385228,136.44214444126717,28.549976217987826
1677107565,1,1,1,14.788984375,58734,996.964930213434,136.47521058468826,28.567570500843566
1677107566,1,1,1,14.81984375,58734,996.9374613592605,136.70693027336884,28.48402515399607
1677107567,1,1,1,14.8628125,58693,996.9141058728477,136.90395479089747,28.465762235447464
1677107568,1,1,1,14.9216015625,58734,996.9249051340494,136.81285285280384,28.513044301853533
1677107569,1,1,1,14.988203125,59272,996.9272980388296,136.79266655568617,28.582410166731915
1677107569,1,2,2,15.052265625,58981,996.9404578976666,136.68165204942798,28.565713235418684
1677107570,1,2,2,15.1301953125,59314,996.9708823386311,136.42500077722704,28.566159266804917
1677107571,1,2,2,15.2106640625,59231,996.980371566469,136.34495385291348,28.59365217511143
1677107572,1,2,2,15.2659375,59482,996.9782509891942,136.3628420503109,28.608530405659067
1677107573,1,2,2,15.3309765625,59398,996.9812199137748,136.33779760072213,28.640267943456145
1677107574,1,2,2,15.39484375,59821,996.9838290316627,136.31578836080058,28.6128117645314
1677107575,0,1,1,15.4407421875,59693,996.9924364649007,136.24318060273518,28.58401173597078
1677107575,0,1,1,15.49875,59949,997.0017514729315,136.16460468950874,28.57761241346496
1677107576,0,1,1,15.5524609375,60423,996.9630831291697,136.4907919167214,28.619260417429054
1677107577,0,2,2,15.5891796875,60293,996.9490047227914,136.60955300799935,28.530662739114547
1677107578,0,2,2,15.641328125,59906,996.9363099491076,136.7166433651978,28.49159650034161
1677107579,0,2,2,15.691328125,60510,996.9806845649842,136.34231354654082,28.47385658820904
1677107580,0,2,2,15.7075390625,60510,996.9395104089433,136.68964487613596,28.07287204203209
1677107581,0,2,2,15.7192578125,60553,996.9395368286687,136.6894220044931,28.218393660325777
1677107582,0,2,2,15.7602734375,60597,996.9430029639849,136.6601824058503,28.360901523376807
1677107582,0,1,1,15.7782421875,60772,996.9014840774797,137.01043253374147,27.8480257873156
1677107583,0,1,1,15.79484375,61215,996.8626619069258,137.3379440592138,27.95086403264307
1677107584,0,1,1,15.796015625,60860,996.7903630363955,137.94789918725237,27.854679274832463
1677107585,0,1,1,15.78078125,61037,996.7589175473993,138.21320271572029,27.858905042070983
1677107586,0,1,1,15.7649609375,61483,996.7349040170855,138.41580785990996,28.071766761370746
1677107587,0,1,1,15.7587109375,61528,996.7291500813799,138.4643551186137,27.70233241935783
1677107588,0,1,1,15.713984375,61304,996.7023815486857,138.6902102750376,27.67236501914796
1677107588,0,1,1,15.664375,61845,996.7093764627591,138.6311913471365,27.636717105778963
1677107589,0,1,1,15.61828125,62304,996.7055594475238,138.6633970116849,27.62801801935433
1677107590,0,1,1,15.545625,61936,996.7080826207131,138.64210799211773,27.606717711573427
1677107591,0,1,1,15.4628125,62396,996.7352025196537,138.41328933232742,27.600688976402832
1677107592,0,1,1,15.4016796875,62769,996.744125969203,138.33800063459222,27.63890891237972
1677107593,0,1,1,15.342109375,62074,996.7523617966946,138.26851400819663,27.6292400777327
1677107594,0,1,1,15.300703125,62211,996.7650384749869,138.16156031988962,27.647561741435457
1677107594,0,1,1,15.2501171875,62629,996.7719307773117,138.10341012640401,27.675884830938777
1677107595,0,1,1,15.188984375,62489,996.7537885983699,138.25647596515233,27.70877804061483
1677107596,0,1,1,15.1673046875,62489,996.7752968456248,138.0750108051167,28.059775408325386
1677107597,0,1,1,15.1378125,62957,996.7512032465295,138.2782888014582,27.779758413728718
1677107598,0,1,1,15.0837109375,62863,996.748593183888,138.30031017139305,27.850552755456413
1677107599,0,1,1,15.0501171875,63193,996.7629437530761,138.17923350416498,28.393866619539423
1677107600,0,1,1,15.0565625,63289,996.8297923104968,137.61524656328126,28.415793908498742
1677107601,0,1,1,15.064765625,63193,996.8203836329317,137.69462370604091,28.37350795972617
1677107601,0,1,1,15.0821484375,63336,996.8015693510285,137.8533538834541,28.369436409330124
1677107602,0,1,1,15.0809765625,63432,996.7911020436519,137.94166431299476,28.208617015853292
1677107603,0,1,1,15.047578125,63528,996.8041010597074,137.83199451255697,28.040278860497615
1677107604,0,1,1,15.0298046875,63432,996.8188602962442,137.70747552817514,28.076409269780974
1677107605,0,1,1,15.0094921875,63720,996.8359663340244,137.56315919584517,28.112360879572925
1677107606,0,1,1,14.974921875,63480,996.8384849494115,137.54191088324194,28.136568714403747
1677107607,0,1,1,14.9489453125,63769,996.8322723471372,137.5943236152314,28.19352415845347
1677107607,0,1,1,14.9176953125,64109,996.8118579059918,137.7665522814585,28.239401505017216
1677107608,0,1,1,14.871015625,64109,996.8034991024515,137.8370730661512,28.375229865339087
1677107609,0,1,1,14.8407421875,64158,996.7932040666975,137.9239299347008,28.442674886868993
1677107610,0,1,1,14.80734375,64355,996.7791768522427,138.042275512776,28.46164606839782
1677107611,0,1,1,14.74953125,64256,996.7683698996036,138.13345312767646,28.40911261163333
1677107612,0,1,1,14.714375,64305,996.7715229106443,138.10685127887146,28.438670532068873
1677107613,0,1,1,14.6794140625,64701,996.7783813276305,138.04898727919462,28.473608544754313
1677107614,0,1,1,14.6286328125,64552,996.7881629015719,137.96646135998387,28.50737940609004
1677107614,0,1,1,14.5923046875,64901,996.7757758029999,138.07096987609097,28.547591098151017
1677107615,0,1,1,14.5565625,65203,996.776201903142,138.06737490107497,28.598585629687133
1677107616,0,1,1,14.507734375,65052,996.7606811179522,138.19832340724236,28.83123600755619
1677107617,0,1,1,14.4747265625,65406,996.7439202826929,138.33973604135358,28.882522864729808
1677107618,0,1,1,14.4317578125,65304,996.7250593128728,138.49886999699976,28.761088259311602
1677107619,0,1,1,14.3801953125,65203,996.7334321995726,138.42822589600826,28.816335276667303
1677107620,0,1,1,14.354609375,65203,996.744694162609,138.33320670636562,28.873538944799733
1677107620,0,1,1,14.343671875,65406,996.7459563571334,138.32255740034407,28.931859370344327
1677107621,0,1,1,14.320625,65713,996.7531886485707,138.26153778923452,28.978537048029196
1677107622,0,1,1,14.3040234375,65713,996.7564256470919,138.23422700499242,29.02571154983329
1677107623,0,1,1,14.2925,65457,996.7465575696019,138.31748489322413,29.084047587096823
1677107624,0,1,1,14.2657421875,65610,996.7085901906948,138.63782542680843,29.141260621949765
1677107625,0,1,1,14.230390625,65867,996.7113315201751,138.6146957945123,29.165527445784743
1677107626,0,1,1,14.2173046875,65610,996.7273987260211,138.47913174547145,29.20763478713925
1677107626,0,1,1,14.2001171875,65713,996.7380375461945,138.3893696605757,29.260222690415823
1677107627,0,1,1,14.189765625,66023,996.7419932146823,138.35599500624144,29.30795378536193
1677107628,0,1,1,14.1758984375,66231,996.7583867021963,138.21768148005356,29.350041593055145
1677107629,0,1,1,14.1426953125,66023,996.756412325906,138.23433939663155,29.396071465138608
1677107630,0,1,1,14.120625,66283,996.7855331170587,137.9886484594427,29.58332761498258
1677107631,0,1,1,14.095234375,66126,996.7970982420644,137.89107557990485,29.603003465320555
1677107632,0,1,1,14.055,66757,996.8115551687665,137.76910637867178,29.626953901313268
1677107633,0,1,1,14.0219921875,66757,996.8183224644036,137.71201301814824,29.67847770395443
1677107633,0,1,1,13.990546875,67023,996.8294788893201,137.61789075907132,29.713917319321737
1677107634,0,1,1,13.94328125,66440,996.816557917869,137.72689986396705,29.586049172849293
1677107635,0,1,1,13.9231640625,66757,996.8220875664648,137.6802482746786,29.735808771548655
1677107636,0,1,1,13.9352734375,66757,996.8868846419907,137.13359505359125,30.343600404371095
1677107637,0,1,1,13.9426953125,66757,997.0530352939626,135.73201527016707,30.507195265918547
1677107638,0,1,1,13.964375,66757,996.987898433949,136.28146097039493,30.172178176549963
1677107639,0,1,1,13.968671875,67076,996.914500225815,136.90062803818802,29.95572122034545
1677107639,0,1,1,13.9415234375,66969,996.8505645198669,137.44000212466528,29.90491088976885
1677107640,0,1,1,13.9196484375,66863,996.783988123165,138.00168336444284,29.946544608379316
1677107641,0,1,1,13.892109375,67399,996.744643032187,138.33363810088863,29.960676467583813
1677107642,0,1,1,13.845625,67183,996.7027518441434,138.6870859336259,29.984186333312987
1677107643,0,1,1,13.80890625,67183,996.6626401268966,139.02553113961284,30.00303173767758
1677107644,0,1,1,13.776484375,67725,996.6198767339814,139.3863621773332,30.087221020423
1677107645,0,0,0,13.7169140625,67616,996.5990591382772,139.56202243627075,30.012222344014457
1677107646,0,0,0,13.672578125,67561,996.5911866422565,139.62845185619364,30.128006397136858
1677107646,0,0,0,13.6360546875,67291,996.600225687441,139.55217893816248,30.065598709401762
1677107647,0,0,0,13.602265625,67453,996.629152183499,139.30809627336248,30.165961167865618
1677107648,0,0,0,13.570234375,68054,996.6358700291368,139.25141170570427,30.12014202184863
1677107649,0,0,0,13.5430859375,67944,996.6544204214041,139.09488679739974,30.177672101105188
1677107650,0,0,0,13.5055859375,67670,996.6701550338548,138.96212278702689,30.266965277867595
1677107651,0,0,0,13.4809765625,67779,996.688050548925,138.8111277815917,30.34644907760606
1677107652,0,0,0,13.4596875,68330,996.708337087345,138.6399609579734,30.393654892028806
1677107652,0,0,0,13.427265625,68219,996.7143518051857,138.58921256867632,30.510624660653484
1677107653,0,0,0,13.406953125,68497,996.7178132824187,138.56000692301583,30.465594871897707
1677107654,0,0,0,13.3876171875,68330,996.7162358719661,138.5733160544611,30.55645493000152
1677107655,0,0,2,13.358125,68497,996.7222749131454,138.52236276765646,30.494404323586078
1677107656,0,0,2,13.3440625,68275,996.7332100707613,138.43010004512422,30.487884236899706
1677107657,0,0,2,13.3337109375,69003,996.747218351501,138.31190979398875,30.508810344246545
1677107658,0,0,2,13.309296875,68441,996.751965384233,138.27185857520197,30.555816691079265
1677107659,0,0,2,13.2925,68777,996.7463723459562,138.3190476487413,30.636045061555734
1677107659,0,0,2,13.28,68947,996.748235470832,138.30332823728574,30.667699283207494
1677107660,0,0,2,13.256953125,68609,996.7435715102504,138.34267868542852,30.703978893492653
1677107661,0,0,2,13.2391796875,68609,996.7278681426236,138.47517115714572,30.746117240774137
1677107662,0,0,2,13.222578125,68497,996.7394345001973,138.37758330750563,30.782915518615386
1677107663,0,0,2,13.1973828125,68834,996.7495427363891,138.29229869278876,30.79727983779568
1677107664,0,0,2,13.1801953125,69003,996.744946931123,138.33107406333448,30.861265556109437
1677107665,0,0,2,13.1618359375,68890,996.7517742718109,138.27347100800245,30.848943827018182
1677107665,0,0,2,13.13,68609,996.7402550607278,138.37066009643874,30.89546635506728
1677107666,0,0,2,13.1122265625,69060,996.7413664898064,138.36128278449436,30.986688744312147
1677107667,0,0,2,13.0971875,68947,996.7522689909616,138.26929701828143,30.909243175076774
1677107668,0,0,2,13.0684765625,68947,996.7478484064417,138.30659394472266,31.010514273990992
1677107669,0,0,2,13.0516796875,69060,996.7489679511178,138.2971482184301,31.090972621827596
1677107670,0,0,2,13.0407421875,69117,996.7451198106465,138.3296154550512,31.12283710155709
1677107671,0,0,2,13.0219921875,68834,996.7579840375624,138.22107878057386,31.170461827989772
1677107672,0,0,2,13.014765625,69003,996.765622008033,138.15663705261701,31.23538166108713
1677107672,0,0,2,13.01046875,69117,996.7901184385343,137.9499628172155,31.295100726160424
1677107673,0,0,2,12.99171875,69060,996.7827964606903,138.01173727111504,31.331853825851002
1677107674,0,0,2,12.9852734375,69231,996.774971098307,138.07775911276903,31.38597815918393
1677107675,0,0,2,12.9864453125,69402,996.7770054575672,138.0605953759022,31.413395204857753
1677107676,0,0,2,12.9758984375,69459,996.7771958042877,138.05898943631138,31.456291382367574
1677107677,0,0,2,12.9770703125,69517,996.7792301853602,138.04182554643145,31.511065734970995
1677107678,0,0,2,12.98234375,69402,996.7951120928285,137.90783229858297,31.55524494703053
1677107678,0,0,1,12.973359375,69632,996.7879238997548,137.96847778068812,31.565474747934548
1677107679,0,0,1,12.979609375,69288,996.7987740870504,137.8769368532215,31.57144211990677
1677107680,0,0,1,12.98859375,69690,996.8143713165485,137.74534746414255,31.64878115815993
1677107681,0,0,0,12.9817578125,69517,996.8142763959123,137.74614827751353,31.6318144058881
1677107682,0,0,0,12.9895703125,69632,996.8312029983649,137.6033452222607,31.6762356680177
1677107683,0,0,0,12.999921875,69690,996.8424467427288,137.50848728003376,31.704442262613426
1677107684,0,0,0,12.99640625,69863,996.8329797037436,137.5883559750193,31.73155041884417
1677107685,0,0,0,13.003046875,69805,996.8310534712724,137.60460671464705,31.74303654146597
1677107685,0,0,0,13.01203125,69922,996.8315139698565,137.6007216970525,31.776629381187316
1677107686,0,0,0,13.0079296875,69863,996.8210297963032,137.6891722720471,31.781782252413404
1677107687,0,0,0,13.013203125,69980,996.8318665103947,137.5977474734852,31.80960738205924
1677107688,0,0,0,13.0204296875,70155,996.8208655553182,137.69055791034492,31.81566613893846
1677107689,0,0,0,13.0161328125,69922,996.808360519942,137.79605864806464,31.820804664231346
1677107690,0,0,0,13.0223828125,70508,996.814164787562,137.74708987956942,31.832268304635807
1677107691,0,0,0,13.0286328125,70214,996.821650918854,137.68393210060665,31.838250365888797
1677107691,0,0,0,13.026484375,70214,996.8212850725828,137.68701860419569,31.843561377817487
1677107692,0,0,0,13.036640625,70449,996.8170511360019,137.7227387574442,31.87179093730463
1677107693,0,0,0,13.049140625,70805,996.8101573656935,137.7808992046006,31.900214870655596
1677107694,0,1,1,13.050703125,70096,996.8145517513863,137.7438251964936,31.889369827058985
1677107695,0,1,1,13.069453125,70567,996.8269166386658,137.63950735936234,32.01159549732506
1677107696,0,1,1,13.0907421875,70449,996.8251854529278,137.65411264995862,32.024286465553715
1677107697,1,1,1,13.102265625,70805,996.809864683839,137.78336847126388,31.964828489016103
1677107698,1,1,1,13.120234375,70745,996.8023663492953,137.84662981060677,31.955294279383512
1677107698,1,1,1,13.137421875,71044,996.7850990935334,137.99231025570356,31.973139502868033
1677107699,1,1,1,13.1430859375,70627,996.7848372443286,137.99451944173657,32.09989787312512
1677107700,1,1,1,13.160859375,71104,996.7820423327605,138.01809975879578,31.94209091653261
1677107701,1,1,1,13.1829296875,71165,996.7867039215462,137.978770550863,31.96032785194591
1677107702,1,1,1,13.1962109375,71044,996.7727442124951,138.09654721427077,31.994332012658464
1677107703,1,1,1,13.2204296875,71044,996.777766368858,138.05417563155686,31.941385506049038
1677107704,1,1,1,13.2372265625,71225,996.7682226421749,138.13469553534952,31.959201097744273
1677107704,1,2,2,13.23234375,71406,996.76647800533,138.14941500916242,31.969787349715457
1677107705,1,2,2,13.2395703125,71346,996.7992100054403,137.87325911110318,31.948411523120406
1677107706,1,2,2,13.246015625,71589,996.8087141440567,137.79307522674998,31.948929368943535
1677107707,1,1,1,13.2356640625,71467,996.8159847835523,137.73173519709235,31.91516940510621
1677107708,1,1,1,13.2387890625,71589,996.8247736561299,137.6575868104773,31.882499571624827
1677107709,1,1,1,13.2438671875,72080,996.8251751330615,137.65419971442148,31.89936640777577
1677107710,1,1,1,13.2298046875,71467,996.8226394791661,137.67559200391943,31.83241359307602
1677107711,1,1,1,13.2294140625,71895,996.8404684472216,137.52517712362453,31.837866480795917
1677107711,1,1,1,13.231953125,71589,996.834780757509,137.57316133370855,31.810651033020676
1677107712,1,1,1,13.222578125,71895,996.843745221679,137.49753270744478,31.848287761347112
1677107713,1,1,1,13.2255078125,71772,996.8521952258562,137.42624482275937,31.8594922738568
1677107714,1,1,1,13.23078125,72018,996.8529362153428,137.41999353876207,31.920264926960062
1677107715,1,2,2,13.2270703125,71650,996.8582721959918,137.37497718059967,31.898018707930277
1677107716,1,2,2,13.2344921875,71895,996.8593773762565,137.36565348477893,31.849242389207575
1677107717,1,2,2,13.244453125,72018,996.8564769727607,137.39012234342115,31.861010841325317
1677107718,1,2,2,13.2503125,71895,996.8481395482721,137.46046020938883,31.83954075684222
1677107719,1,2,2,13.2626171875,72142,996.8678141245708,137.29447833562583,31.802139461644643
1677107720,1,2,2,13.2794140625,72142,996.8767774944946,137.21886096988283,31.962592252862507
1677107720,1,2,2,13.2784375,72142,996.8683521572723,137.28993933354445,31.935068348346633
1677107721,1,2,2,13.2878125,72018,996.8543371620855,137.4081746013872,32.06761159791016
1677107722,1,2,2,13.2940625,72766,996.8416281455336,137.51539335279406,31.92534690000038
1677107723,0,2,2,13.2798046875,72515,996.8202475631649,137.69577167514558,31.896763679010714
1677107724,0,2,2,13.27296875,72703,996.8201611765195,137.69650048663317,31.901702050485383
1677107725,0,2,2,13.26828125,72956,996.8254859971255,137.65157708269376,31.906813004871253
1677107726,0,1,1,13.256953125,72766,996.8075073236271,137.80325681474397,31.834588375597505
1677107727,0,1,1,13.258515625,73146,996.8152667906153,137.73779265474357,31.84568279107937
1677107727,0,1,1,13.2559765625,73146,996.8108599596248,137.774971638388,31.818058011363856
1677107728,0,2,2,13.24328125,72641,996.7955558687856,137.90408825287074,31.77866170968388
1677107729,0,2,2,13.2501171875,73338,996.7922778580561,137.93174418137113,31.76276316273166
1677107730,0,2,2,13.2641796875,73210,996.7729386427216,138.0949068168035,31.75292495716319
1677107731,0,1,1,13.2641796875,72892,996.7695735619997,138.12329786021857,31.774851493423135
1677107732,0,1,1,13.2731640625,72892,996.7666580653166,138.1478958449041,31.797500735208292
1677107733,0,1,1,13.2923046875,73402,996.7493986188239,138.2935146280987,31.78258448056758
1677107734,0,1,1,13.2997265625,73402,996.7420873643885,138.35520065030977,31.772213632781153
1677107735,0,1,1,13.3200390625,73274,996.7520982012304,138.27073798632682,31.751911200593575
1677107735,0,1,1,13.3368359375,73853,996.7677860250475,138.13837926527646,31.70392768051997
1677107736,0,1,1,13.3383984375,73338,996.7738630828518,138.08710736819532,31.682134818007505
1677107737,0,1,1,13.345234375,73788,996.8160159626505,137.73147214992196,31.68268085193507
1677107738,0,1,1,13.353046875,73724,996.8514505624076,137.432527105562,31.644956115112166
1677107739,0,1,1,13.3442578125,73918,996.8563900788776,137.39085541270936,31.644254710169683
1677107740,0,1,1,13.342109375,73918,996.8795854154487,137.1951727173066,31.627651686090275
1677107741,0,1,1,13.3383984375,73788,996.9034341653669,136.99398147821478,31.632832629302328
1677107741,0,0,0,13.3247265625,74179,996.9301862072489,136.76830231800827,31.59340921094065
1677107742,0,0,0,13.322578125,74179,996.9449669257923,136.6436148679089,31.59871348035383
1677107743,0,0,0,13.3212109375,74442,996.9526900766157,136.57846436931533,31.615032142833588
1677107744,0,0,2,13.308515625,74179,996.9558944373375,136.55143333275254,31.63044928558004
1677107745,0,0,2,13.3075390625,74574,996.9424206960134,136.66509429194372,31.597515171077262
1677107746,0,0,2,13.303828125,74574,996.9225182276823,136.83298858701264,31.597219519189505
1677107747,0,0,2,13.286640625,74310,996.9162422623567,136.88593227010938,31.584900496383348
1677107748,0,0,2,13.2825390625,74973,996.907440449123,136.9601843157682,31.58457390296674
1677107748,0,0,2,13.26828125,74706,996.892788245578,137.08379139766598,31.572490151750525
1677107749,0,0,2,13.2411328125,74706,996.8910935307499,137.09808823326847,31.548436520605662
1677107750,0,0,2,13.233515625,74376,996.8846017647608,137.152853800962,31.586145859321427
1677107751,0,0,2,13.2333203125,74574,996.8724854965506,137.25506933408016,31.58613031504052
1677107752,0,0,2,13.2251171875,74442,996.8733889495982,137.24744756854463,31.60190117448286
1677107753,0,0,2,13.2301953125,74442,996.863696376215,137.3292169373261,31.62968291244964
1677107754,0,0,2,13.231953125,75107,996.8633825628423,137.33186436899183,31.646252100385375
1677107754,0,0,1,13.217890625,74773,996.8557981109478,137.39584947687098,31.645131277186643
1677107755,0,0,1,13.21515625,74973,996.8476871050515,137.4642772159815,31.661343881116046
1677107756,0,0,1,13.2188671875,74973,996.838986508755,137.53767948026513,31.672594600849195
1677107757,0,0,1,13.20265625,74973,996.8495438132013,137.4486132323466,31.671301851899315
1677107758,0,0,1,13.1864453125,75107,996.8617817792392,137.34536911054016,31.664532200563595
1677107759,0,0,1,13.1782421875,75444,996.8744598576745,137.23841311596263,31.68031023709283
1677107760,0,0,1,13.151875,75040,996.869064975529,137.28392579217083,31.694641116976662
1677107761,0,0,1,13.1372265625,75241,996.8755992256622,137.22880112680014,31.715386069456365
1677107761,0,0,1,13.1165234375,75579,996.851435842163,137.43265129155023,31.719213270106863
1677107762,0,0,2,13.0841015625,75647,996.850663461816,137.43916740944266,31.727584710986733
1677107763,0,0,2,13.0606640625,75784,996.8049314256982,137.82498893916627,31.720237399983283
1677107764,0,0,2,13.0333203125,75989,996.8079233124735,137.7997472384247,31.750929461220455
1677107765,0,0,2,12.9930859375,75989,996.788533525687,137.96333446344985,31.72580781288414
1677107766,0,0,2,12.971796875,75512,996.7751207753302,138.0764962979585,31.740545853973554
1677107767,0,0,2,12.945625,75921,996.7734106480368,138.09092453416972,31.74941715166846
1677107767,0,1,2,12.9016796875,76058,996.7811995248101,138.02521043387972,31.740438595943598
1677107768,0,1,2,12.866328125,76543,996.7769958119077,138.06067675554115,31.737624291573034
1677107769,0,1,2,12.8317578125,76127,996.7960016801557,137.9003270361625,31.76773907780948
1677107770,0,1,1,12.7883984375,76683,996.7997394473281,137.8687923347256,31.753332461308908
1677107771,0,1,1,12.7596875,76543,996.8423540934555,137.5092689128577,31.778436509468538
1677107772,0,1,1,12.7356640625,76753,996.8779712665549,137.2087900337407,31.776524894990043
1677107773,0,1,1,12.699140625,76334,996.8717027066896,137.2616731580226,31.790052985960482
1677107774,0,1,1,12.67296875,76753,996.8632344706185,137.33311372338198,31.798927158462604
1677107774,0,1,1,12.6505078125,76893,996.8712940931722,137.265120332248,31.840971233035678
1677107775,0,1,1,12.6239453125,76753,996.8823127514526,137.17216434920593,31.82241942545093
1677107776,0,1,1,12.6098828125,76753,996.9099950738458,136.93863346166825,31.887059499841456
1677107777,0,1,1,12.601484375,76823,996.9189396948007,136.86317685183857,31.858987511276954
1677107778,0,1,1,12.584296875,76823,996.9227028946339,136.83143075129803,31.906946529127005
1677107779,0,1,1,12.57765625,77460,996.9262955658567,136.80112330917584,31.911899115658954
1677107780,0,1,1,12.57140625,77175,996.9272050291312,136.79345117514518,31.927847539948186
1677107780,0,1,1,12.554609375,76893,996.935005402637,136.7276482988207,31.953922774924244
1677107781,0,1,1,12.5524609375,76823,996.9463996454562,136.6315287852942,31.95923489003755
1677107782,0,1,1,12.551484375,77175,996.9413420850058,136.6741932261758,31.964640682262363
1677107783,0,1,1,12.5425,77175,996.9408624201918,136.67823957961764,31.996830032392165
1677107784,0,1,1,12.545625,76893,996.9227614619128,136.8309366824418,32.019021500921944
1677107785,0,1,1,12.5481640625,77460,996.8901974165215,137.10564797786978,32.06860670589285
1677107786,1,1,1,12.528046875,77175,996.8670208329961,137.30117078025185,32.06150997017759
1677107787,1,1,1,12.5065625,77317,996.8330667151281,137.58762190049052,32.03235875443614
1677107787,1,1,1,12.4794140625,77531,996.8279260263541,137.6309915867469,32.10152439958778
1677107788,0,1,1,12.4360546875,77890,996.7963060932625,137.8977587676306,32.0925681966836
1677107789,0,1,1,12.4005078125,77963,996.8152175056389,137.73820845514243,32.11716727355346
1677107790,0,1,1,12.370234375,77675,996.8432816815053,137.50144334670065,32.153170165678915
1677107791,0,1,1,12.332734375,77746,996.8688659099472,137.28560516675154,32.12821426319977
1677107792,0,1,1,12.3016796875,77890,996.8921984451325,137.08876702901225,32.164155014383915
1677107793,0,1,1,12.2809765625,78035,996.8982302433603,137.03788212678492,32.16249933865277
